<?xml version="1.0"?>
<opencv_storage>
<calibration_time>"Fri Jun 25 08:44:49 2021"</calibration_time>
<nr_of_frames>15</nr_of_frames>
<image_width>320</image_width>
<image_height>240</image_height>
<board_width>12</board_width>
<board_height>8</board_height>
<square_size>70.</square_size>
<fix_aspect_ratio>1.</fix_aspect_ratio>
<!-- flags: +fix_aspectRatio +fix_principal_point +zero_tangent_dist +fix_k4 +fix_k5 -->
<flags>6158</flags>
<fisheye_model>0</fisheye_model>
<camera_matrix type_id="opencv-matrix">
  <rows>3</rows>
  <cols>3</cols>
  <dt>d</dt>
  <data>
    3.3219401190821378e+02 0. 160. 0. 3.3219401190821378e+02 120. 0. 0.
    1.</data></camera_matrix>
<distortion_coefficients type_id="opencv-matrix">
  <rows>5</rows>
  <cols>1</cols>
  <dt>d</dt>
  <data>
    3.8653172187106194e-01 -3.0687494651803484e+00 0. 0.
    7.9323420722948503e+00</data></distortion_coefficients>
<avg_reprojection_error>4.4866657973003550e+00</avg_reprojection_error>
<per_view_reprojection_errors type_id="opencv-matrix">
  <rows>15</rows>
  <cols>1</cols>
  <dt>f</dt>
  <data>
    6.00559425e+00 6.41872597e+00 7.37528849e+00 7.60803699e+00
    5.83440828e+00 6.32761240e+00 5.14221668e+00 2.39278340e+00
    1.08320034e+00 1.65839338e+00 1.31994677e+00 3.55667859e-01
    2.93367743e-01 4.37325329e-01 3.02922577e-01</data></per_view_reprojection_errors>
<!-- a set of 6-tuples (rotation vector + translation vector) for each view -->
<extrinsic_parameters type_id="opencv-matrix">
  <rows>15</rows>
  <cols>6</cols>
  <dt>d</dt>
  <data>
    -2.4778538734454369e-01 1.7973063650680079e-01
    1.6893914083886877e-01 -4.7554154147441601e+01
    -5.0492019447706213e+02 1.9177300366478341e+03
    -1.7984094164722420e-01 2.3414958572109879e-01
    1.6071555823756364e-01 -3.0643572981136689e+01
    -5.0492742724080875e+02 1.9544638459600235e+03
    -2.9580943689583494e-01 2.2393214764907163e-01
    1.8551011436332709e-01 5.5452740229469493e+00
    -5.0611459015648563e+02 2.0381347511153424e+03
    5.3019488499782530e-01 3.2656770677390501e-01 1.0827302741037320e-01
    -2.9728353311490210e+01 -4.8167913579457547e+02
    1.8959993986233133e+03 -2.4091853913239900e-01
    9.6505933872162400e-02 1.1915501746852668e-01
    -1.2219605379380191e+02 -4.5869615818003706e+02
    1.9267003492397128e+03 -1.5327957667947759e-01
    -1.2792554000570100e-01 1.2213693875254243e-01
    -1.1153249112535111e+02 -4.7980833825379898e+02
    1.7543496500796471e+03 -8.1079436360403920e-02
    -1.1582864825954368e-01 1.1031123839156282e-01
    -1.0618199000002630e+02 -4.8175745863731532e+02
    1.7395114382449251e+03 -1.1945948948286972e-01
    -1.6453107225538322e-01 1.0410889910244307e-01
    -1.1365432079262749e+02 -4.6112931005241211e+02
    1.6676688034487408e+03 -4.8015442131669681e-02
    -1.4926530177012573e-01 1.0907546042563779e-01
    -1.0665099479040487e+02 -4.7126192608478971e+02
    1.6024532252537267e+03 -4.8815067704200667e-02
    -1.7926218730898985e-01 1.0252945115465346e-01
    -1.0758575100359528e+02 -4.7060014344497358e+02
    1.5645183379265100e+03 -2.1672697811062441e-02
    -2.7927517131085614e-02 3.4187659938054213e-02
    -1.3709746071740759e+02 -4.0212006015322402e+02
    1.5666368141212481e+03 -1.1140865242948454e-01
    -1.4089188396512662e-03 2.4384626036459148e-02
    -1.4306475063851514e+02 -3.9665119033881763e+02
    1.6175937080444937e+03 -8.4858118756369130e-02
    -1.7660954035594936e-02 2.3137982805956376e-02
    -1.4622485963674379e+02 -3.9600999566845582e+02
    1.5909915526223433e+03 -6.2393534046578783e-02
    -3.1284743128955038e-02 1.5525536321610382e-02
    -1.5320111536719654e+02 -3.8814934122166136e+02
    1.5688273313539619e+03 -1.0081821673957631e-01
    -1.4746438548922934e-02 2.1420606239437343e-02
    -9.4500078011307465e+01 -3.9399172537701730e+02
    1.6109628750231755e+03</data></extrinsic_parameters>
<image_points type_id="opencv-matrix">
  <rows>15</rows>
  <cols>96</cols>
  <dt>"2f"</dt>
  <data>
    1.54428864e+02 3.31630440e+01 1.66617462e+02 3.53617363e+01
    1.66617538e+02 3.53618622e+01 1.91814407e+02 3.90663109e+01
    2.08213501e+02 3.22916451e+01 2.06558411e+02 3.85510788e+01
    2.25681519e+02 4.23228378e+01 2.38369568e+02 4.39084015e+01
    2.53353531e+02 3.73888512e+01 2.66612946e+02 3.93291969e+01
    2.80498260e+02 4.02647438e+01 2.93685028e+02 4.18184204e+01
    1.54448944e+02 3.31410522e+01 1.65390427e+02 4.75516205e+01
    1.65407623e+02 4.75445976e+01 1.78117020e+02 4.85035133e+01
    1.89551331e+02 5.02645760e+01 2.06509888e+02 3.85449486e+01
    2.25686020e+02 4.23249130e+01 2.36908310e+02 5.64271049e+01
    2.51470337e+02 4.98116264e+01 2.65117371e+02 5.17285843e+01
    2.78543945e+02 5.34101257e+01 2.92314148e+02 5.47279053e+01
    1.53128769e+02 4.61208000e+01 1.63744003e+02 5.88985748e+01
    1.65407440e+02 4.75446777e+01 1.88731033e+02 6.43214874e+01
    1.88878494e+02 6.43626709e+01 2.15613037e+02 6.85146942e+01
    2.21802292e+02 6.83476028e+01 2.36365601e+02 6.15649071e+01
    2.49629242e+02 6.33768883e+01 2.63294983e+02 6.54303207e+01
    2.76883240e+02 6.65347137e+01 2.90615814e+02 6.83806610e+01
    1.51280563e+02 5.71244736e+01 1.50615585e+02 6.96758728e+01
    1.75703476e+02 7.42826767e+01 1.87897583e+02 6.85148621e+01
    1.88316177e+02 6.87880630e+01 2.08216003e+02 7.14949036e+01
    2.20499130e+02 7.97230606e+01 2.34443542e+02 7.49603119e+01
    2.47868896e+02 7.66261368e+01 2.61563019e+02 7.79012680e+01
    2.75200653e+02 7.98643951e+01 2.89056183e+02 8.15220261e+01
    1.40702805e+02 8.35213394e+01 1.49443069e+02 6.94740448e+01
    1.60337372e+02 8.56728363e+01 1.72677460e+02 8.64694748e+01
    2.00125885e+02 8.39258499e+01 2.05731354e+02 9.02126007e+01
    2.20499161e+02 7.97229919e+01 2.33293182e+02 8.79038086e+01
    2.46280945e+02 8.96970749e+01 2.59072662e+02 9.91606598e+01
    2.73805634e+02 9.24583511e+01 2.87475464e+02 9.45246887e+01
    1.40898560e+02 8.36036530e+01 1.45350510e+02 9.70651093e+01
    1.58854034e+02 8.98668900e+01 1.72677521e+02 8.64672546e+01
    1.90854523e+02 9.84834213e+01 2.03079041e+02 1.04997009e+02
    2.17121155e+02 1.06258301e+02 2.31227997e+02 1.00788292e+02
    2.44623398e+02 1.02478607e+02 2.58262634e+02 1.04407639e+02
    2.71997070e+02 1.06506104e+02 2.85563171e+02 1.07880066e+02
    1.32852768e+02 9.19413986e+01 1.45357956e+02 9.70807571e+01
    1.56535873e+02 1.10888962e+02 1.75206573e+02 1.12420746e+02
    1.81410858e+02 1.13338242e+02 2.02723816e+02 1.10535072e+02
    2.15699478e+02 1.12048759e+02 2.29351379e+02 1.14481186e+02
    2.42780518e+02 1.15669502e+02 2.56557587e+02 1.17592804e+02
    2.70332245e+02 1.19507881e+02 2.84269623e+02 1.22016159e+02
    1.44607071e+02 1.08823082e+02 1.43018967e+02 1.15232079e+02
    1.70070923e+02 1.11255714e+02 1.70061966e+02 1.11049385e+02
    1.88075516e+02 1.21419472e+02 2.01259567e+02 1.23326286e+02
    2.14839554e+02 1.17774315e+02 2.27602768e+02 1.27220009e+02
    2.41172089e+02 1.29744705e+02 2.54826920e+02 1.31009033e+02
    2.68635742e+02 1.32789017e+02 2.83430206e+02 1.34808807e+02
    1.57253311e+02 3.54967346e+01 1.57388611e+02 2.88157635e+01
    1.81492203e+02 3.84335098e+01 1.82299789e+02 3.14712257e+01
    2.06542389e+02 4.14799461e+01 2.06996933e+02 4.17571602e+01
    2.25777039e+02 4.42505417e+01 2.41564133e+02 3.69917183e+01
    2.54296295e+02 3.79965019e+01 2.68118988e+02 3.97083626e+01
    2.81813263e+02 4.11512337e+01 2.95535553e+02 4.19123001e+01
    1.55979752e+02 4.85867348e+01 1.56023895e+02 4.86046944e+01
    1.79828995e+02 5.07961731e+01 1.95208282e+02 4.07802124e+01
    1.98412460e+02 4.12734985e+01 2.12430557e+02 5.48588486e+01
    2.26458710e+02 5.60086708e+01 2.39572769e+02 5.04232254e+01
    2.52580673e+02 5.14614525e+01 2.66347961e+02 5.28795547e+01
    2.79852753e+02 5.37744484e+01 2.93948242e+02 5.49692154e+01
    1.55948593e+02 4.85740433e+01 1.53370148e+02 5.97367935e+01
    1.67129715e+02 4.91847076e+01 1.79600189e+02 6.42747879e+01
